/update-rtl.css/1.3/Mon Dec  1 19:39:36 2008//TDRUPAL-6-10
/update.compare.inc/1.8.2.2/Mon Dec  1 19:39:36 2008//TDRUPAL-6-10
/update.css/1.3.2.1/Mon Dec  1 19:39:36 2008//TDRUPAL-6-10
/update.fetch.inc/1.7.2.2/Mon Jan 19 15:07:04 2009//TDRUPAL-6-10
/update.info/1.1/Fri Feb 13 17:09:46 2009//TDRUPAL-6-10
/update.install/1.4.2.2/Mon Jan 19 15:07:04 2009//TDRUPAL-6-10
/update.module/1.17.2.1/Mon Dec  1 19:39:36 2008//TDRUPAL-6-10
/update.report.inc/1.10.2.2/Mon Dec  1 19:39:36 2008//TDRUPAL-6-10
/update.settings.inc/1.3/Mon Dec  1 19:39:36 2008//TDRUPAL-6-10
D
